0.6276907324790955
0.42712047696113586
0.5579372644424438
0.8456861972808838
0.9058338403701782
0.8066247701644897
0.8756635785102844
0.8690227270126343
1.126570463180542
1.106765627861023
1.1765940189361572
1.0963623523712158
1.2283353805541992
1.2229969501495361
1.1186456680297852
1.152132511138916
1.5214157104492188
1.464792251586914
1.4358127117156982
1.297152042388916
1.2783035039901733
1.2941980361938477
1.436966061592102
1.7146884202957153
1.6912068128585815
1.7055184841156006
1.7517422437667847
1.7465996742248535
1.7703897953033447
1.8265924453735352
1.7369451522827148
1.7701475620269775
1.9106879234313965
2.230597496032715
2.247783660888672
2.1363565921783447
2.1540565490722656
2.252439498901367
2.3907995223999023
2.384796619415283
2.436918020248413
2.434351921081543
2.4070053100585938
2.346815586090088
2.4304370880126953
2.48018479347229
2.604907512664795
2.7055320739746094
2.6641621589660645
2.6327643394470215
2.705066204071045
2.7008447647094727
2.7401421070098877
2.7662007808685303
2.802624225616455
2.8491454124450684
2.8222742080688477
2.8221187591552734
2.8184614181518555
2.844919204711914
2.8220434188842773
2.8253846168518066
2.835210084915161
3.0453743934631348
3.07668137550354
3.0526986122131348
3.0984153747558594
3.1815693378448486
3.1947336196899414
3.2375283241271973
3.2855749130249023
3.2968740463256836
3.224438190460205
3.287051200866699
3.248263359069824
3.2443087100982666
3.189423084259033
3.1588997840881348
3.252865791320801
3.3101541996002197
3.3424763679504395
3.3027286529541016
3.237990140914917
3.3187613487243652
3.3280768394470215
3.3839919567108154
3.3874385356903076
3.3389933109283447
3.369729995727539
3.4001896381378174
3.459890365600586
3.4410500526428223
3.430004358291626
3.3720202445983887
3.3921704292297363
3.3929996490478516
3.381568431854248
3.4043922424316406
3.4128289222717285
3.518157720565796
3.509575128555298
3.561002492904663
3.5642993450164795
3.531419277191162
3.5916519165039062
3.627575397491455
3.6678171157836914
3.6738951206207275
3.676380157470703
3.6605162620544434
3.6792218685150146
3.624680519104004
3.6037635803222656
3.576673984527588
3.686589002609253
3.6657638549804688
3.6792635917663574
3.7599167823791504
3.743788242340088
3.705596923828125
3.7815232276916504
3.7789924144744873
3.744619369506836
3.77268648147583
3.7772417068481445
3.7552547454833984
3.7977280616760254
3.7977280616760254
3.8093395233154297
3.833116054534912
3.811197280883789
3.8361501693725586
3.818981170654297
3.815487861633301
3.815487861633301
3.7960562705993652
3.7960562705993652
3.761272430419922
3.787144184112549
3.810074806213379
3.9003589153289795
3.8239822387695312
3.8300957679748535
3.8592746257781982
3.7860898971557617
3.848865032196045
3.855827808380127
3.855827808380127
3.821465492248535
3.8090014457702637
3.820964813232422
