2.7460780143737793
2.822871685028076
2.822871685028076
2.8358986377716064
2.8358983993530273
2.8495121002197266
2.8495121002197266
2.8872697353363037
2.887269973754883
2.8860888481140137
2.8860888481140137
2.886162281036377
2.886162281036377
2.886162281036377
2.886162281036377
2.9000892639160156
2.9000892639160156
2.9449045658111572
2.9449045658111572
2.9449045658111572
2.9449045658111572
2.894007682800293
2.894007682800293
2.910788059234619
2.910788059234619
2.9172892570495605
2.9172892570495605
2.970632314682007
2.970632314682007
2.938234806060791
2.938234806060791
2.888420581817627
2.888420581817627
2.961801767349243
2.961801767349243
2.976736068725586
2.976736068725586
2.976736068725586
2.976736068725586
2.976736068725586
2.976735830307007
2.976736068725586
2.976736068725586
2.976736068725586
2.976736068725586
2.976736068725586
2.976736068725586
2.976736068725586
2.976735830307007
2.926419496536255
2.926419496536255
2.9491186141967773
2.9491186141967773
2.929337739944458
2.929337739944458
2.9911680221557617
2.9911680221557617
2.9911680221557617
2.9911680221557617
2.9911680221557617
2.9911680221557617
2.9957175254821777
2.9957175254821777
3.0028343200683594
3.0028343200683594
3.016925096511841
3.016925096511841
3.1195802688598633
3.1195802688598633
3.122652053833008
3.122652530670166
3.048963785171509
3.0489635467529297
3.1273646354675293
3.1273646354675293
3.1115145683288574
3.1115145683288574
3.112363815307617
3.112363815307617
3.120079517364502
3.120079517364502
3.120079517364502
3.120079517364502
3.164261817932129
3.164261817932129
3.137995719909668
3.137995719909668
3.1554160118103027
3.1554160118103027
3.117757558822632
3.117757558822632
3.1418581008911133
3.1418581008911133
3.195281982421875
3.195281982421875
3.217839002609253
3.217839241027832
3.281618118286133
3.281618118286133
3.281618118286133
3.281618118286133
3.2911295890808105
3.2911295890808105
3.3043532371520996
3.304353713989258
3.3043532371520996
3.3043532371520996
3.3075547218322754
3.3075547218322754
3.3075547218322754
3.3075547218322754
3.3818039894104004
3.3818039894104004
3.4418694972991943
3.4418694972991943
3.437227725982666
3.437227725982666
3.481553077697754
3.481553077697754
3.4777960777282715
3.4777960777282715
3.490431785583496
3.490431785583496
3.4544904232025146
3.4544904232025146
3.420414447784424
3.4204139709472656
3.4204139709472656
3.4204139709472656
3.4204139709472656
3.4204139709472656
3.3423123359680176
3.3423123359680176
3.453280448913574
3.453280448913574
3.484482526779175
3.484482526779175
3.48052978515625
3.48052978515625
3.4621782302856445
3.4621782302856445
3.4365808963775635
3.4365811347961426
3.4365811347961426
3.4365808963775635
3.4636242389678955
3.4636242389678955
3.4519195556640625
3.4519200325012207
3.4783239364624023
3.4783239364624023
3.475348711013794
3.475348711013794
3.472957134246826
3.472957134246826
3.497241497039795
3.497241497039795
3.4920644760131836
3.4920644760131836
3.5084965229034424
3.5084965229034424
3.5084965229034424
3.5084965229034424
3.5107572078704834
3.5107569694519043
3.534358501434326
3.534358501434326
3.511721611022949
3.511721611022949
3.4997196197509766
3.4997196197509766
3.507711410522461
3.507711410522461
3.492504835128784
3.492504835128784
3.494602680206299
3.494602680206299
3.494602680206299
3.494602680206299
3.476133346557617
3.476133346557617
3.526822566986084
3.526822566986084
3.5250306129455566
3.5250306129455566
3.5250306129455566
3.5250306129455566
3.4127840995788574
3.4127840995788574
3.474740505218506
3.474740505218506
3.474740505218506
3.474740505218506
3.501593589782715
3.501593589782715
3.4699490070343018
3.4699490070343018
3.490248918533325
3.490248918533325
3.45375657081604
3.453756332397461
3.5171611309051514
3.5171611309051514
3.521942615509033
3.521942615509033
3.5314316749572754
3.5314316749572754
3.5822014808654785
3.5822014808654785
3.568113088607788
3.568113088607788
3.621831178665161
3.621831178665161
3.622311592102051
3.622311592102051
3.6353759765625
3.6353759765625
3.624760389328003
3.624760389328003
3.58754825592041
3.58754825592041
3.61458158493042
3.61458158493042
3.605686664581299
3.605686664581299
3.590329885482788
3.590329885482788
3.599637031555176
3.599637031555176
3.5987887382507324
3.5987887382507324
3.59889817237854
3.59889817237854
3.601320266723633
3.601320266723633
3.588542938232422
3.5885426998138428
3.6214795112609863
3.6214795112609863
3.6247761249542236
3.6247758865356445
3.6247761249542236
3.6247761249542236
3.6419787406921387
3.6419787406921387
3.6176748275756836
3.6176748275756836
3.64514422416687
3.645144462585449
3.641566276550293
3.641566276550293
3.615541458129883
3.6155412197113037
3.6204309463500977
3.6204309463500977
3.6565980911254883
3.6565980911254883
3.665919303894043
3.665919303894043
3.651329517364502
3.651329517364502
3.621273994445801
3.621273994445801
3.670698642730713
3.670698642730713
3.67104172706604
3.67104172706604
3.67104172706604
3.67104172706604
3.6807355880737305
3.6807355880737305
3.687704086303711
3.687704086303711
3.687704086303711
3.687704086303711
3.727761745452881
3.727761745452881
3.7031216621398926
3.7031216621398926
3.724287986755371
3.724287986755371
3.7382633686065674
3.7382633686065674
3.7382633686065674
3.7382633686065674
3.74893856048584
3.74893856048584
3.7617835998535156
3.7617835998535156
3.755249500274658
3.755249500274658
3.7796640396118164
3.7796640396118164
3.792459011077881
3.792459011077881
3.7962169647216797
3.7962169647216797
3.7962169647216797
3.7962169647216797
3.797717809677124
3.797717809677124
3.822484254837036
3.822484254837036
3.8455092906951904
3.8455092906951904
3.823258638381958
3.823258638381958
3.823258638381958
3.823258638381958
3.8246967792510986
3.8246967792510986
3.8210835456848145
3.8210835456848145
3.8210835456848145
3.8210835456848145
3.8147125244140625
3.8147125244140625
3.821162700653076
3.821162700653076
3.8348805904388428
3.8348805904388428
3.8293473720550537
3.8293473720550537
3.8493270874023438
3.8493270874023438
3.8429183959960938
3.8429183959960938
3.8429183959960938
3.8429183959960938
3.820964813232422
3.820964813232422
