2.2956337928771973
2.2956342697143555
2.2956342697143555
2.3027262687683105
2.3027262687683105
2.2956342697143555
2.2956342697143555
2.2956342697143555
2.2956337928771973
2.2956340312957764
2.2956340312957764
2.2983176708221436
2.491997718811035
2.491997718811035
2.491997718811035
2.4716694355010986
2.4716696739196777
2.5276923179626465
2.5276923179626465
2.5942132472991943
2.5942130088806152
2.6032726764678955
2.6032726764678955
2.615097999572754
2.615097999572754
2.6212756633758545
2.6212756633758545
2.630495071411133
2.630495071411133
2.62009334564209
2.62009334564209
2.683964252471924
2.6839640140533447
2.689317464828491
2.689317464828491
2.695747137069702
2.695747137069702
2.695894241333008
2.695894241333008
2.6811676025390625
2.6811678409576416
2.700683116912842
2.700683116912842
2.7138612270355225
2.7138612270355225
2.7496752738952637
2.765061616897583
2.765061616897583
2.765061616897583
2.788275957107544
2.788275957107544
2.8318488597869873
2.8318488597869873
2.8318488597869873
2.8318488597869873
2.838012456893921
2.835283041000366
2.835283041000366
2.835283041000366
2.805589199066162
2.805589199066162
2.807835102081299
2.807835578918457
2.8318543434143066
2.8318543434143066
2.837326765060425
2.837326765060425
2.8267316818237305
2.8267316818237305
2.882950782775879
2.882950782775879
2.8955745697021484
2.8955745697021484
2.8937480449676514
2.8937480449676514
2.8761589527130127
2.8761589527130127
2.868406295776367
2.868406295776367
2.9443657398223877
2.9691998958587646
2.9692001342773438
2.9691998958587646
2.9753036499023438
2.9753036499023438
2.9754533767700195
2.9754533767700195
2.9962477684020996
2.9962477684020996
2.9691998958587646
2.9691998958587646
3.0037007331848145
3.0037007331848145
2.9692001342773438
2.9692001342773438
2.9692001342773438
2.9692001342773438
3.0357391834259033
3.0664918422698975
3.0664918422698975
3.0664918422698975
3.060965061187744
3.060965061187744
3.0612871646881104
3.0612871646881104
3.0471465587615967
3.0471465587615967
3.060519218444824
3.060519218444824
3.0823276042938232
3.0823276042938232
3.089433431625366
3.0894336700439453
3.114932060241699
3.114932060241699
3.090460777282715
3.090460777282715
3.1001129150390625
3.1001129150390625
3.068363904953003
3.068363904953003
3.068363904953003
3.068363904953003
3.089353561401367
3.089353561401367
3.098010778427124
3.098010778427124
3.0759472846984863
3.0652332305908203
3.0652332305908203
3.0652337074279785
3.0556209087371826
3.0556209087371826
3.096811294555664
3.096811294555664
3.0652337074279785
3.0652332305908203
3.0652337074279785
3.0652337074279785
3.0611891746520996
3.0611891746520996
3.137139320373535
3.137139320373535
3.115194082260132
3.115194082260132
3.1241323947906494
3.1241323947906494
3.1507160663604736
3.1507160663604736
3.1608798503875732
3.1608798503875732
3.1830992698669434
3.1830992698669434
3.184286117553711
3.184286117553711
3.1571125984191895
3.1571125984191895
3.1692652702331543
3.1692652702331543
3.158137083053589
3.1977829933166504
3.1977832317352295
3.1977832317352295
3.169130563735962
3.169130802154541
3.163972854614258
3.163972854614258
3.1711368560791016
3.1711370944976807
3.2048754692077637
3.2048754692077637
3.2327489852905273
3.2327489852905273
3.2147579193115234
3.2147579193115234
3.232510805130005
3.232510805130005
3.1907644271850586
3.1907644271850586
3.2378931045532227
3.2378931045532227
3.23549485206604
3.23549485206604
3.2257473468780518
3.152876615524292
3.152876853942871
3.152876853942871
3.1569528579711914
3.1569528579711914
3.2190029621124268
3.2190029621124268
3.2190029621124268
3.2190024852752686
3.214906692504883
3.214906692504883
3.2296271324157715
3.2296271324157715
3.1630783081054688
3.1630783081054688
3.148123264312744
3.148123264312744
3.1929099559783936
3.1929099559783936
3.219952344894409
3.219952344894409
3.2602591514587402
3.2602591514587402
3.2350757122039795
3.2350757122039795
3.264181613922119
3.264181613922119
3.276776075363159
3.276776075363159
3.2737364768981934
3.2737364768981934
3.2506237030029297
3.2506237030029297
3.3145055770874023
3.3145055770874023
3.3429555892944336
3.3429555892944336
3.3120760917663574
3.3120760917663574
3.277061939239502
3.277061939239502
3.317544460296631
3.317544460296631
3.311300039291382
3.311300039291382
3.3034377098083496
3.3034377098083496
3.343477725982666
3.343477725982666
3.3324341773986816
3.3324341773986816
3.315399646759033
3.315399646759033
3.2953357696533203
3.2953357696533203
3.334138870239258
3.300650119781494
3.300650119781494
3.2903497219085693
3.2773683071136475
3.3015003204345703
3.3328804969787598
3.341850757598877
3.288914680480957
3.2986111640930176
3.355001926422119
3.365903377532959
3.341806411743164
3.343968391418457
3.3500733375549316
3.3710529804229736
3.344999313354492
3.347532272338867
3.3905835151672363
3.3930609226226807
3.400463342666626
3.389910936355591
3.4249343872070312
3.4238076210021973
3.364680290222168
3.3658699989318848
3.426936626434326
3.426936626434326
3.4505627155303955
3.4505627155303955
3.4518518447875977
3.468693494796753
3.4297375679016113
3.424391031265259
3.424391269683838
3.424391269683838
3.4181337356567383
3.4181337356567383
3.416684150695801
3.459730625152588
3.491896867752075
3.4502367973327637
3.461665630340576
3.481719493865967
3.4769935607910156
3.4299967288970947
3.4261176586151123
3.434619188308716
3.4111716747283936
3.4206666946411133
3.4579997062683105
3.479642391204834
3.482508420944214
3.4838249683380127
3.492760181427002
3.4895401000976562
3.4956979751586914
3.516859531402588
3.524134874343872
3.5670504570007324
3.584333896636963
3.5889742374420166
3.61751127243042
3.610682964324951
3.6533470153808594
3.6759276390075684
3.6380040645599365
3.6969974040985107
3.697298526763916
3.6901021003723145
3.68975830078125
3.689352035522461
3.681335926055908
3.684319019317627
3.729466438293457
3.723957061767578
3.7281153202056885
3.7308237552642822
3.733665943145752
3.7434186935424805
3.7420666217803955
3.765471935272217
3.773922920227051
3.773922920227051
3.791253089904785
3.790177583694458
3.790614128112793
3.7879228591918945
3.791165351867676
3.8277626037597656
3.8203530311584473
3.820964813232422
