3.7447681427001953
3.422088146209717
3.676456928253174
3.8714749813079834
3.79175066947937
3.905402183532715
3.5703320503234863
3.431814193725586
3.5495412349700928
3.476191282272339
3.580683708190918
3.4582972526550293
3.297654390335083
3.326000690460205
2.9965999126434326
2.9613285064697266
3.12784481048584
3.029823064804077
2.9180283546447754
2.9417800903320312
2.924267530441284
2.959811210632324
3.1630699634552
3.426891565322876
3.4073052406311035
3.3539631366729736
3.360678195953369
3.4033403396606445
3.443439483642578
3.4620518684387207
3.0831031799316406
3.074096202850342
3.1668689250946045
3.5719785690307617
3.6177496910095215
3.551165819168091
3.544757604598999
3.5789966583251953
3.62610125541687
3.608973503112793
3.6377997398376465
3.597729206085205
3.5857512950897217
3.7054295539855957
3.85042667388916
3.7949554920196533
3.954726457595825
4.100738525390625
4.080814361572266
4.070977687835693
4.124114036560059
4.166543006896973
4.190147399902344
4.157548904418945
4.201475143432617
4.2054243087768555
4.184009075164795
4.185849189758301
4.209656715393066
4.191753387451172
4.124054908752441
4.134974479675293
4.110610008239746
4.234437942504883
4.214200019836426
4.148992538452148
4.215366363525391
4.233856201171875
4.235529899597168
4.213251113891602
4.251655101776123
4.256237983703613
4.234155654907227
4.2573113441467285
4.22258186340332
4.177635192871094
4.114595413208008
4.101443767547607
4.06281852722168
4.104420185089111
4.181168556213379
4.217268943786621
4.171518325805664
4.1394124031066895
4.179193496704102
4.090356826782227
4.15189266204834
4.0816216468811035
4.1295013427734375
4.086742401123047
4.050882339477539
4.033457279205322
4.033871650695801
4.046195030212402
4.048593521118164
4.039721488952637
4.023937225341797
4.031563758850098
4.002687454223633
4.027527809143066
4.042295455932617
4.047908782958984
3.994943141937256
3.924201488494873
4.066488265991211
4.128497123718262
4.118997573852539
4.060667037963867
4.0603108406066895
4.0401105880737305
4.005573272705078
3.983783721923828
3.9944069385528564
4.023538589477539
4.048956871032715
3.9926562309265137
4.013367176055908
4.088648319244385
4.058655738830566
3.9999332427978516
4.048928260803223
4.055374622344971
4.0647687911987305
4.096456527709961
4.084871292114258
4.096215724945068
4.09208869934082
4.088143825531006
4.110816955566406
4.126904487609863
4.144642353057861
4.145071029663086
4.1073174476623535
4.0800933837890625
4.073581218719482
4.099856376647949
4.07706880569458
4.022768974304199
4.039353370666504
3.9921560287475586
4.144304275512695
4.0597968101501465
4.040646553039551
4.093195915222168
4.036414623260498
4.110352516174316
4.145732879638672
4.140608787536621
4.136942386627197
4.148014545440674
4.111519813537598
