0.5230501294136047
0.5360170006752014
0.5360170006752014
0.5313729643821716
0.5313729643821716
0.5298182368278503
0.5298182368278503
0.5374139547348022
0.5374139547348022
0.5290208458900452
0.5290208458900452
0.540938675403595
0.540938675403595
0.540938675403595
0.540938675403595
0.5455313920974731
0.5455313920974731
0.534133791923523
0.534133791923523
0.534133791923523
0.534133791923523
0.5321842432022095
0.5321842432022095
0.5359234809875488
0.5359234809875488
0.5308880805969238
0.5308880805969238
0.5385956168174744
0.5385956168174744
0.5371206998825073
0.5371206998825073
0.5428987145423889
0.5428987145423889
0.5438451766967773
0.5438451766967773
0.5445525050163269
0.5445525050163269
0.5454659461975098
0.5454659461975098
0.5465263724327087
0.5465263724327087
0.5466454029083252
0.5466454029083252
0.5450412631034851
0.5450412631034851
0.5450412631034851
0.5450412631034851
0.5450412631034851
0.5450412631034851
0.5359529256820679
0.5359529256820679
0.5339433550834656
0.5339433550834656
0.52122563123703
0.52122563123703
0.5334820747375488
0.5334820747375488
0.5334820747375488
0.5334820747375488
0.5343668460845947
0.5343668460845947
0.5357222557067871
0.5357222557067871
0.5371478796005249
0.5371478796005249
0.5353423357009888
0.5353423357009888
0.5351636409759521
0.5351636409759521
0.5400968790054321
0.5400968790054321
0.5407853126525879
0.5407853126525879
0.5409814119338989
0.5409814119338989
0.5388899445533752
0.5388899445533752
0.5327314138412476
0.5327314138412476
0.5292431712150574
0.5292431712150574
0.5292431712150574
0.5292431712150574
0.5313327312469482
0.5313327312469482
0.5287185311317444
0.5287185311317444
0.5306386351585388
0.5306386351585388
0.5279546976089478
0.5279546976089478
0.5290090441703796
0.5290090441703796
0.5395087003707886
0.5395087003707886
0.5397964715957642
0.5397964715957642
0.5402630567550659
0.5402630567550659
0.5402630567550659
0.5402630567550659
0.5420305728912354
0.5420305728912354
0.5425687432289124
0.5425687432289124
0.5430768728256226
0.5430768728256226
0.5455565452575684
0.5455565452575684
0.5457668900489807
0.5457668900489807
0.5528651475906372
0.5528651475906372
0.5560402870178223
0.5560402870178223
0.5641417503356934
0.5641417503356934
0.5597553253173828
0.5597553253173828
0.5578210949897766
0.5578210949897766
0.5543316602706909
0.5543316602706909
0.5524895191192627
0.5524895191192627
0.5538734793663025
0.5538734793663025
0.5501587390899658
0.5501587390899658
0.5501587390899658
0.5501587390899658
0.5491207242012024
0.5491207242012024
0.5513732433319092
0.5513732433319092
0.5501424074172974
0.5501424074172974
0.5529985427856445
0.5529985427856445
0.5511090159416199
0.5511090159416199
0.5484665036201477
0.5484665036201477
0.5484665036201477
0.5484665036201477
0.5519894361495972
0.5519894361495972
0.5594010353088379
0.5594010353088379
0.5560390949249268
0.5560390949249268
0.5593876838684082
0.5593876838684082
0.5624046921730042
0.5624046921730042
0.5563418865203857
0.5563418865203857
0.558035135269165
0.558035135269165
0.5571604371070862
0.5571604371070862
0.5571604371070862
0.5571604371070862
0.5590780973434448
0.5590780973434448
0.5594584345817566
0.5594584345817566
0.5586507320404053
0.5586507320404053
0.560067892074585
0.560067892074585
0.5657409429550171
0.5657409429550171
0.5614745616912842
0.5614745616912842
0.5531176328659058
0.5531176328659058
0.5555751323699951
0.5555751323699951
0.553406834602356
0.553406834602356
0.5578320026397705
0.5578320026397705
0.5585991144180298
0.5585991144180298
0.5585991144180298
0.5585991144180298
0.5593096613883972
0.5593096613883972
0.5602633953094482
0.5602633953094482
0.5602633953094482
0.5602633953094482
0.5590599179267883
0.5590599179267883
0.5730185508728027
0.5730185508728027
0.5550014972686768
0.5550014972686768
0.5643446445465088
0.5643446445465088
0.5609477758407593
0.5609477758407593
0.5743560791015625
0.5743560791015625
0.5760711431503296
0.5760711431503296
0.5653265714645386
0.5653265714645386
0.5664651393890381
0.5664651393890381
0.5421019792556763
0.5421019792556763
0.5780891180038452
0.5780891180038452
0.570085883140564
0.570085883140564
0.578054666519165
0.578054666519165
0.5817532539367676
0.5817532539367676
0.5731955766677856
0.5731955766677856
0.5824202299118042
0.5824202299118042
0.5798765420913696
0.5798765420913696
0.5744061470031738
0.5744061470031738
0.5717281103134155
0.5717281103134155
0.579412579536438
0.579412579536438
0.5902554988861084
0.5902554988861084
0.584792971611023
0.584792971611023
0.5931837558746338
0.5931837558746338
0.6073111295700073
0.6073111295700073
0.6073111295700073
0.6073111295700073
0.5971664190292358
0.5971664190292358
0.5956369042396545
0.5956369042396545
0.6022005081176758
0.6022005081176758
0.6028507947921753
0.6028507947921753
0.6126379370689392
0.6126379370689392
0.6162705421447754
0.6162705421447754
0.6006759405136108
0.6006759405136108
0.6176859140396118
0.6176859140396118
0.6249496936798096
0.6249496936798096
0.621728241443634
0.621728241443634
0.6291508674621582
0.6291508674621582
0.6324827671051025
0.6324827671051025
0.6398358345031738
0.6398358345031738
0.6422172784805298
0.6422172784805298
0.6420139074325562
0.6420139074325562
0.6420139074325562
0.6420139074325562
0.645849347114563
0.645849347114563
0.6504008173942566
0.6504008173942566
0.6495252847671509
0.6495252847671509
0.6610124707221985
0.6610124707221985
0.6647347211837769
0.6647347211837769
0.667005717754364
0.667005717754364
0.6727447509765625
0.6727447509765625
0.6772363185882568
0.6772363185882568
0.6769857406616211
0.6769857406616211
0.6772869229316711
0.6772869229316711
0.6841510534286499
0.6841510534286499
0.6841510534286499
0.6841510534286499
0.7121843099594116
0.7121843099594116
0.7236274480819702
0.7236274480819702
0.7289111614227295
0.7289111614227295
0.7424947023391724
0.7424947023391724
0.7424947023391724
0.7424947023391724
0.7421842813491821
0.7421842813491821
0.7415390014648438
0.7415390014648438
0.7415390014648438
0.7415390014648438
0.7259488105773926
0.7259488105773926
0.7559487819671631
0.7559487819671631
0.7647154331207275
0.7647154331207275
0.7627472877502441
0.7627472877502441
0.7621499300003052
0.7621499300003052
0.7684658169746399
0.7684658169746399
0.7756938934326172
0.7756938934326172
0.7754620313644409
0.7754620313644409
