0.5457684397697449
0.4257051944732666
0.38247573375701904
0.42224857211112976
0.3724347651004791
0.36734479665756226
0.3653898239135742
0.3304252624511719
0.36726412177085876
0.3350701928138733
0.33924493193626404
0.33895376324653625
0.3443862199783325
0.3460659980773926
0.32054945826530457
0.3216051757335663
0.31972652673721313
0.3387805223464966
0.34339070320129395
0.3469041585922241
0.33533769845962524
0.34310823678970337
0.3486211895942688
0.38470813632011414
0.38278648257255554
0.38307759165763855
0.3913806080818176
0.40173399448394775
0.388302743434906
0.38542866706848145
0.3755875527858734
0.3757159411907196
0.3853948712348938
0.40284860134124756
0.3902782201766968
0.39267125725746155
0.38758477568626404
0.4040222764015198
0.41489794850349426
0.40942108631134033
0.4133032560348511
0.39938247203826904
0.397240549325943
0.38371580839157104
0.4015790820121765
0.4109048545360565
0.4146415591239929
0.4508785307407379
0.4362695515155792
0.43369314074516296
0.45774826407432556
0.4531048834323883
0.42879095673561096
0.425100713968277
0.44210284948349
0.4625566303730011
0.45567163825035095
0.4557963013648987
0.4629019796848297
0.47243547439575195
0.48598071932792664
0.4710350036621094
0.46676135063171387
0.4808061122894287
0.471000075340271
0.48730266094207764
0.49394887685775757
0.5006184577941895
0.502010703086853
0.510944664478302
0.5208759307861328
0.5108140707015991
0.5087098479270935
0.5076802372932434
0.4995761513710022
0.5011316537857056
0.5049434304237366
0.5082280039787292
0.5288412570953369
0.5280957221984863
0.5398973226547241
0.5475450754165649
0.5440958142280579
0.5495014190673828
0.5550748109817505
0.5603532791137695
0.5636478662490845
0.5587376356124878
0.5587002038955688
0.5647410154342651
0.5909504890441895
0.5897243022918701
0.5905787348747253
0.605116605758667
0.6136038303375244
0.6071588397026062
0.6242510676383972
0.6168889999389648
0.6216917037963867
0.63083815574646
0.6233158111572266
0.6077598333358765
0.6085561513900757
0.595718264579773
0.6095161437988281
0.5956677198410034
0.6125888824462891
0.61896151304245
0.6070590615272522
0.6340056657791138
0.6343362927436829
0.6343656182289124
0.6297026872634888
0.6297403573989868
0.642143726348877
0.6246917843818665
0.6198151111602783
0.6116126775741577
0.6074525713920593
0.6447112560272217
0.6615976095199585
0.6702165007591248
0.6721235513687134
0.6702866554260254
0.6618056893348694
0.6611728668212891
0.696082592010498
0.6968733668327332
0.6927968263626099
0.6851822137832642
0.6928432583808899
0.6877994537353516
0.7147555351257324
0.707499623298645
0.7041264772415161
0.6996220350265503
0.7001875638961792
0.6927120089530945
0.6955229043960571
0.7103449106216431
0.709153413772583
0.707678496837616
0.7070671916007996
0.7132890224456787
0.7161805629730225
0.7385153770446777
0.7507826089859009
0.7519412040710449
0.7563393115997314
0.7730344533920288
0.7754620313644409
