0.9243398308753967
7.468544960021973
3.6173460483551025
10.170124053955078
10.272453308105469
14.034468650817871
20.445022583007812
25.0
25.0
25.0
25.0
25.0
25.0
25.0
20.971927642822266
19.85219383239746
20.22900390625
18.298931121826172
19.392410278320312
23.025493621826172
25.0
25.0
25.0
25.0
25.0
24.94406509399414
25.0
25.0
25.0
25.0
25.0
25.0
25.0
25.0
25.0
25.0
25.0
25.0
25.0
25.0
25.0
25.0
25.0
25.0
25.0
25.0
25.0
23.52947235107422
24.579021453857422
24.716567993164062
24.088205337524414
25.0
25.0
25.0
25.0
25.0
24.999343872070312
25.0
24.915939331054688
23.596790313720703
24.111469268798828
24.186622619628906
25.0
25.0
25.0
25.0
25.0
25.0
25.0
25.0
25.0
25.0
25.0
25.0
25.0
25.0
25.0
25.0
25.0
25.0
25.0
25.0
25.0
25.0
25.0
25.0
23.848936080932617
25.0
25.0
25.0
25.0
25.0
25.0
25.0
25.0
25.0
25.0
23.10451316833496
23.940202713012695
23.98990249633789
24.657331466674805
25.0
25.0
25.0
25.0
25.0
25.0
25.0
24.96354103088379
23.61864471435547
22.901172637939453
21.565521240234375
21.557008743286133
21.88035774230957
20.704090118408203
21.49999237060547
21.55630874633789
21.441055297851562
21.68769073486328
20.218753814697266
19.98971176147461
18.7464599609375
18.932373046875
18.703330993652344
18.15240478515625
19.691619873046875
19.0643367767334
19.070138931274414
18.730697631835938
18.603797912597656
17.514328002929688
18.551979064941406
15.78927993774414
15.593756675720215
15.655356407165527
16.8411865234375
16.86337661743164
16.672103881835938
16.33209228515625
14.910618782043457
14.72452449798584
14.908272743225098
14.81772232055664
13.322111129760742
12.672676086425781
12.111883163452148
11.979180335998535
11.980879783630371
12.289417266845703
12.54703426361084
12.007848739624023
