0.8578283190727234
0.9255328178405762
0.9255328178405762
1.3895890712738037
1.3895890712738037
1.1696118116378784
1.1696118116378784
1.7305190563201904
1.7305190563201904
2.3462533950805664
2.3462533950805664
2.1372387409210205
1.8077815771102905
1.8077815771102905
1.8077815771102905
2.8446617126464844
2.8446617126464844
2.173084259033203
2.173084259033203
3.41341495513916
3.41341495513916
2.8997881412506104
2.8997881412506104
3.992910146713257
3.992910146713257
3.94785737991333
3.94785737991333
2.5191946029663086
2.5191946029663086
4.188720226287842
4.188720226287842
4.893653392791748
4.893653392791748
4.905758857727051
4.905758857727051
4.0576581954956055
4.0576581954956055
4.583333492279053
4.583333492279053
5.1092753410339355
5.1092753410339355
6.967199325561523
6.967199325561523
5.322683811187744
5.322683811187744
5.2383222579956055
4.658465385437012
4.658465385437012
4.658465385437012
4.662219047546387
4.662219047546387
4.71005916595459
4.71005916595459
5.214930534362793
5.214930534362793
5.39167594909668
5.1594343185424805
5.1594343185424805
5.1594343185424805
6.746765613555908
6.746765613555908
6.6313018798828125
6.6313018798828125
6.547728538513184
6.547728538513184
6.7178955078125
6.7178955078125
6.640241622924805
6.640241622924805
6.184138774871826
6.184138774871826
5.917016983032227
5.917016983032227
6.3407301902771
6.3407301902771
6.399797439575195
6.399797439575195
7.376394271850586
7.376394271850586
5.6457085609436035
5.6146135330200195
5.6146135330200195
5.6146135330200195
5.897639274597168
5.897639274597168
6.006512641906738
6.006512641906738
5.7109785079956055
5.7109785079956055
5.908407688140869
5.908407688140869
5.783860206604004
5.783860206604004
5.944695472717285
5.944695472717285
6.850543975830078
6.850543975830078
6.749497413635254
7.216968059539795
7.216968059539795
7.216968059539795
6.999968528747559
6.999968528747559
7.042613983154297
7.042613983154297
7.036810874938965
7.036810874938965
8.112926483154297
8.112926483154297
6.7122039794921875
6.7122039794921875
7.341845512390137
7.341845512390137
6.871262550354004
6.871262550354004
7.639884948730469
7.639884948730469
7.873305320739746
7.873305320739746
7.518743515014648
7.518743515014648
7.474969387054443
7.474969387054443
7.604119300842285
7.604119300842285
7.797237396240234
7.797237396240234
7.799236297607422
7.721986293792725
7.721986293792725
7.721986293792725
7.929162979125977
7.929162979125977
8.679011344909668
8.679011344909668
8.251779556274414
8.251779556274414
8.130661964416504
8.130661964416504
8.41053581237793
8.41053581237793
7.73893404006958
7.73893404006958
8.050858497619629
8.050858497619629
8.041358947753906
8.041358947753906
7.994899749755859
7.994899749755859
8.640213012695312
8.640213012695312
8.388124465942383
8.388124465942383
8.008975982666016
8.008975982666016
8.351356506347656
8.351356506347656
8.518999099731445
8.518999099731445
7.928169250488281
8.264581680297852
8.264581680297852
8.264581680297852
8.59876537322998
8.59876537322998
8.860481262207031
8.860481262207031
8.97280216217041
8.97280216217041
8.540888786315918
8.540888786315918
8.107611656188965
8.107611656188965
8.951375961303711
8.951375961303711
8.853536605834961
8.853536605834961
8.467796325683594
8.467796325683594
8.723968505859375
8.723968505859375
8.519414901733398
8.519414901733398
8.210437774658203
7.974575519561768
7.974575519561768
7.974575519561768
8.275090217590332
8.275090217590332
8.4134521484375
8.376304626464844
8.376304626464844
8.376304626464844
8.405416488647461
8.405416488647461
8.592304229736328
8.592304229736328
8.669530868530273
8.669530868530273
8.687127113342285
8.687127113342285
8.361404418945312
8.361404418945312
8.461591720581055
8.461591720581055
8.475175857543945
8.475175857543945
8.89284896850586
8.89284896850586
8.38870620727539
8.38870620727539
8.513050079345703
8.513050079345703
8.321195602416992
8.321195602416992
9.38303279876709
9.38303279876709
8.128355026245117
8.128355026245117
7.344900131225586
7.344900131225586
8.054372787475586
8.054372787475586
8.344417572021484
8.344417572021484
7.868773937225342
7.868773937225342
8.260913848876953
8.260913848876953
8.442386627197266
8.442386627197266
8.520206451416016
8.520206451416016
8.596031188964844
8.596031188964844
8.10382080078125
8.10382080078125
8.225664138793945
8.225664138793945
8.094143867492676
8.941308975219727
8.941308975219727
9.86967658996582
8.805510520935059
8.909052848815918
10.031988143920898
9.898942947387695
10.0501708984375
9.615976333618164
8.84164810180664
8.759214401245117
9.19103717803955
8.732451438903809
8.888969421386719
8.981438636779785
11.108867645263672
11.310819625854492
9.551912307739258
9.092673301696777
9.359514236450195
8.909187316894531
9.17938232421875
9.029415130615234
10.122342109680176
10.263717651367188
9.800251960754395
10.064351081848145
10.267183303833008
10.233407020568848
9.680108070373535
9.52444076538086
8.913564682006836
11.602806091308594
11.362724304199219
11.337974548339844
12.374629974365234
12.16012954711914
10.940195083618164
10.486442565917969
10.062570571899414
11.148078918457031
11.261197090148926
10.86860179901123
10.631168365478516
10.409488677978516
9.697774887084961
9.739622116088867
9.415346145629883
10.846482276916504
9.263250350952148
9.811798095703125
10.072722434997559
10.259256362915039
10.053422927856445
10.288358688354492
9.928366661071777
9.517926216125488
9.804261207580566
9.929045677185059
10.974544525146484
11.144397735595703
10.883853912353516
11.687061309814453
11.27664566040039
11.388755798339844
11.6404447555542
11.677206039428711
11.433371543884277
11.106575012207031
11.941549301147461
12.217814445495605
11.742955207824707
11.179601669311523
11.836990356445312
11.41698932647705
11.42769718170166
11.955305099487305
12.639360427856445
13.058362007141113
12.813379287719727
12.900293350219727
11.96920394897461
11.842333793640137
12.314875602722168
12.266229629516602
12.662715911865234
12.521249771118164
12.728471755981445
12.744941711425781
12.56588363647461
12.007848739624023
