25.0
25.0
25.0
25.0
25.0
25.0
25.0
25.0
25.0
25.0
25.0
25.0
25.0
25.0
25.0
25.0
25.0
25.0
25.0
25.0
25.0
25.0
25.0
25.0
25.0
25.0
25.0
25.0
25.0
25.0
25.0
25.0
25.0
25.0
25.0
25.0
25.0
25.0
25.0
25.0
25.0
25.0
25.0
25.0
25.0
25.0
25.0
25.0
25.0
25.0
25.0
25.0
25.0
25.0
25.0
25.0
25.0
25.0
25.0
25.0
25.0
25.0
25.0
25.0
25.0
25.0
25.0
25.0
25.0
25.0
25.0
25.0
25.0
25.0
25.0
25.0
25.0
25.0
25.0
25.0
25.0
25.0
25.0
25.0
25.0
25.0
25.0
25.0
25.0
25.0
25.0
25.0
25.0
25.0
25.0
25.0
25.0
25.0
25.0
25.0
25.0
25.0
25.0
25.0
25.0
25.0
25.0
25.0
25.0
25.0
25.0
25.0
25.0
25.0
25.0
25.0
25.0
25.0
25.0
25.0
25.0
25.0
25.0
25.0
25.0
25.0
25.0
25.0
25.0
25.0
25.0
25.0
25.0
25.0
25.0
25.0
25.0
25.0
25.0
25.0
25.0
25.0
25.0
25.0
25.0
25.0
25.0
25.0
25.0
25.0
25.0
25.0
25.0
25.0
25.0
25.0
25.0
25.0
25.0
25.0
25.0
25.0
25.0
25.0
25.0
25.0
25.0
25.0
25.0
25.0
25.0
25.0
25.0
25.0
25.0
25.0
25.0
25.0
25.0
25.0
25.0
25.0
25.0
25.0
25.0
25.0
25.0
25.0
25.0
25.0
25.0
25.0
25.0
25.0
25.0
25.0
25.0
25.0
25.0
25.0
25.0
25.0
25.0
25.0
25.0
25.0
25.0
25.0
25.0
25.0
25.0
25.0
25.0
25.0
25.0
25.0
25.0
25.0
25.0
25.0
25.0
25.0
25.0
25.0
25.0
25.0
25.0
25.0
25.0
25.0
25.0
25.0
25.0
25.0
25.0
25.0
25.0
25.0
25.0
23.988933563232422
23.988933563232422
23.988933563232422
23.988933563232422
23.891197204589844
23.891197204589844
23.287309646606445
23.287309646606445
22.78464698791504
22.78464698791504
22.697986602783203
22.697986602783203
21.23761749267578
21.23761749267578
20.895416259765625
20.895416259765625
21.120513916015625
21.120513916015625
20.283435821533203
20.283435821533203
21.02621841430664
21.02621841430664
20.579971313476562
20.579971313476562
19.972450256347656
19.972450256347656
19.38917350769043
19.38917350769043
19.030841827392578
19.030841827392578
18.945350646972656
18.945350646972656
19.103126525878906
19.103126525878906
19.103126525878906
19.103126525878906
18.371826171875
18.371826171875
18.297752380371094
18.297752380371094
18.091562271118164
18.091562271118164
17.801002502441406
17.801002502441406
17.537071228027344
17.537071228027344
17.52052116394043
17.52052116394043
16.57504653930664
16.57504653930664
16.338560104370117
16.338560104370117
16.39586067199707
16.39586067199707
16.17770767211914
16.17770767211914
16.147249221801758
16.147249221801758
16.147249221801758
16.147249221801758
15.107672691345215
15.107672691345215
13.838491439819336
13.838491439819336
13.8004789352417
13.8004789352417
13.141263961791992
13.141263961791992
13.141263961791992
13.141263961791992
13.106849670410156
13.106849670410156
12.998568534851074
12.998568534851074
12.998568534851074
12.998568534851074
13.803596496582031
13.803596496582031
12.71275520324707
12.71275520324707
12.460609436035156
12.460609436035156
12.653863906860352
12.653863906860352
12.382732391357422
12.382732391357422
11.67205810546875
11.67205810546875
11.744714736938477
11.744714736938477
12.007848739624023
12.007848739624023
