3.68595027923584
3.6435933113098145
3.6435933113098145
3.5916426181793213
3.591642141342163
3.689326524734497
3.689326524734497
3.603339195251465
3.603339195251465
3.686894178390503
3.686894178390503
3.6130123138427734
3.6130123138427734
3.6130123138427734
3.6130123138427734
3.6209683418273926
3.6209683418273926
3.6297526359558105
3.6297526359558105
3.6297526359558105
3.6297526359558105
3.6616318225860596
3.6616318225860596
3.7110226154327393
3.7110226154327393
3.7222940921783447
3.7222940921783447
3.7363195419311523
3.7363195419311523
3.726656198501587
3.726656198501587
3.7299537658691406
3.729954242706299
3.751434326171875
3.751434326171875
3.7436270713806152
3.7436270713806152
3.735629081726074
3.735629081726074
3.7461087703704834
3.7461090087890625
3.741687536239624
3.741687536239624
3.757756471633911
3.757756471633911
3.757756471633911
3.7577571868896484
3.7577571868896484
3.7577571868896484
3.8093881607055664
3.8093881607055664
3.860903024673462
3.860903024673462
3.7756919860839844
3.7756919860839844
3.878246545791626
3.878246307373047
3.878246545791626
3.878246545791626
3.8749663829803467
3.8749663829803467
3.9049630165100098
3.9049630165100098
3.879570722579956
3.879570484161377
3.861178398132324
3.861178398132324
3.9655117988586426
3.9655117988586426
3.9522600173950195
3.9522600173950195
3.8849101066589355
3.8849101066589355
3.9435007572174072
3.9435007572174072
3.948425769805908
3.948425769805908
3.9277167320251465
3.9277167320251465
3.9090442657470703
3.9090442657470703
3.9090442657470703
3.9090442657470703
3.935006618499756
3.935006618499756
3.929471015930176
3.929471015930176
3.9168097972869873
3.9168097972869873
3.9098281860351562
3.9098281860351562
3.898904800415039
3.898904800415039
3.896981954574585
3.896981954574585
3.8601653575897217
3.860165596008301
3.8653478622436523
3.8653481006622314
3.8653481006622314
3.8653481006622314
3.849597215652466
3.849597215652466
3.9440832138061523
3.9440829753875732
3.9462363719940186
3.9462363719940186
3.9342918395996094
3.9342918395996094
3.9549720287323
3.9549720287323
3.9605069160461426
3.9605069160461426
3.951265335083008
3.951265811920166
3.953042984008789
3.953042984008789
3.910588264465332
3.910588264465332
3.9041757583618164
3.9041757583618164
3.919626235961914
3.919626235961914
3.8526926040649414
3.8526926040649414
3.9302315711975098
3.9302315711975098
3.950183868408203
3.950183868408203
3.950183868408203
3.950183868408203
3.865659713745117
3.865659713745117
3.84804368019104
3.84804368019104
3.871755599975586
3.871755599975586
3.9204728603363037
3.9204728603363037
3.8199656009674072
3.8199656009674072
3.8278555870056152
3.8278555870056152
3.8278555870056152
3.8278558254241943
3.81953763961792
3.81953763961792
3.894836902618408
3.8948371410369873
3.8682360649108887
3.8682360649108887
3.8608312606811523
3.8608312606811523
3.8318886756896973
3.8318886756896973
3.8911218643188477
3.8911218643188477
3.84240460395813
3.84240460395813
3.862137794494629
3.862137794494629
3.862137794494629
3.862137794494629
3.8921260833740234
3.8921256065368652
3.9597396850585938
3.9597396850585938
3.942898750305176
3.942898750305176
3.915217399597168
3.915217399597168
3.9149155616760254
3.9149155616760254
3.892735242843628
3.892735242843628
3.9575695991516113
3.9575698375701904
3.9605650901794434
3.9605650901794434
3.930912733078003
3.930912733078003
3.9477007389068604
3.9477007389068604
3.975156784057617
3.975156545639038
3.975156784057617
3.975156784057617
3.8379878997802734
3.8379878997802734
3.913144111633301
3.913144111633301
3.913144111633301
3.913144111633301
4.021015167236328
4.021015167236328
3.9941792488098145
3.9941797256469727
4.044180870056152
4.044180870056152
3.9527063369750977
3.9527063369750977
4.009458541870117
4.009458541870117
3.9820396900177
3.9820396900177
3.9979681968688965
3.9979681968688965
4.032381534576416
4.032381534576416
4.040656089782715
4.040656089782715
4.135280609130859
4.135280609130859
4.070443153381348
4.070443153381348
4.0591630935668945
4.059162616729736
3.9217629432678223
3.9217629432678223
3.9458980560302734
3.9458980560302734
3.9907913208007812
3.990791082382202
4.024850845336914
4.024850845336914
3.9971375465393066
3.9971377849578857
3.9950180053710938
3.9950180053710938
3.9772677421569824
3.9772677421569824
4.002995491027832
4.002995491027832
4.019132137298584
4.019132137298584
3.9963574409484863
3.9963572025299072
3.9967174530029297
3.9967174530029297
4.026401519775391
4.026401042938232
4.026401519775391
4.026401519775391
4.016962051391602
4.016962051391602
3.966404914855957
3.966404914855957
3.9957327842712402
3.9957337379455566
4.0359954833984375
4.0359954833984375
4.020632743835449
4.020632743835449
4.028255462646484
4.028255462646484
4.053671836853027
4.053671836853027
4.064820289611816
4.064820289611816
4.013538360595703
4.013538360595703
3.9824252128601074
3.9824252128601074
4.013050079345703
4.013050079345703
3.999293327331543
3.999293327331543
4.003910541534424
4.003910541534424
4.033175945281982
4.033175945281982
4.101728439331055
4.101728439331055
4.101727485656738
4.101727485656738
4.099960803985596
4.099960803985596
4.039187908172607
4.039187908172607
4.1146087646484375
4.1146087646484375
4.117080211639404
4.117080211639404
4.126143455505371
4.126143455505371
4.114439010620117
4.114439010620117
4.136399269104004
4.136399269104004
4.130558967590332
4.130558967590332
4.1464924812316895
4.1464924812316895
4.133317947387695
4.133317947387695
4.131901741027832
4.131901741027832
4.131901741027832
4.131901741027832
4.125450134277344
4.125450134277344
4.144739627838135
4.144739627838135
4.150613784790039
4.150613784790039
4.136848449707031
4.136848449707031
4.136848449707031
4.136848449707031
4.15388822555542
4.15388822555542
4.149412155151367
4.149412155151367
4.149412155151367
4.149412155151367
4.160918235778809
4.160918235778809
4.143653869628906
4.143653869628906
4.133053779602051
4.133053779602051
4.136530876159668
4.136530876159668
4.126128196716309
4.126128196716309
4.112802505493164
4.112802982330322
4.120994567871094
4.120994567871094
4.111520290374756
4.111520290374756
