4.553792953491211
4.513375759124756
4.513375759124756
4.50108528137207
4.50108528137207
4.49277400970459
4.49277400970459
4.483503818511963
4.483503818511963
4.487008094787598
4.487008094787598
4.528726100921631
4.5287184715271
4.5287184715271
4.5287184715271
4.500343322753906
4.500343322753906
4.461772918701172
4.461772918701172
4.510563373565674
4.510562896728516
4.5384697914123535
4.5384697914123535
4.536163330078125
4.536163330078125
4.524444103240967
4.524444103240967
4.389183044433594
4.389183044433594
4.408231735229492
4.408231735229492
4.270669937133789
4.270669937133789
4.530584335327148
4.530584335327148
4.340250015258789
4.340250015258789
4.382006645202637
4.382006645202637
4.390512466430664
4.390512466430664
4.35179328918457
4.35179328918457
4.469418525695801
4.469418525695801
4.49948787689209
4.521512031555176
4.521512031555176
4.521512031555176
4.509245872497559
4.509245872497559
4.513418197631836
4.513418197631836
4.548379421234131
4.548379421234131
4.556824684143066
4.555629730224609
4.555629730224609
4.555629730224609
4.490530967712402
4.490530967712402
4.453516006469727
4.453516006469727
4.455261707305908
4.455261707305908
4.427091598510742
4.427091598510742
4.451993942260742
4.451993942260742
4.462645053863525
4.462645053863525
4.498121738433838
4.498121738433838
4.459622859954834
4.459622859954834
4.462438583374023
4.462438583374023
4.4251580238342285
4.4251580238342285
4.4581780433654785
4.5096659660339355
4.5096659660339355
4.509665489196777
4.452045440673828
4.452045440673828
4.454897880554199
4.454897880554199
4.390970706939697
4.390970706939697
4.481194496154785
4.481194496154785
4.426841735839844
4.426841735839844
4.501530647277832
4.501530647277832
4.502593994140625
4.502593994140625
4.2938432693481445
4.293861389160156
4.293861389160156
4.293861389160156
4.32192850112915
4.32192850112915
4.338476181030273
4.338476657867432
4.3132781982421875
4.3132781982421875
4.411146640777588
4.411146640777588
4.355831146240234
4.355831146240234
4.3732500076293945
4.373249530792236
4.360596656799316
4.360596656799316
4.42515230178833
4.42515230178833
4.437047958374023
4.437047958374023
4.32015323638916
4.32015323638916
4.363391876220703
4.363391876220703
4.375739097595215
4.375739097595215
4.349403381347656
4.349403381347656
4.396254062652588
4.423065185546875
4.423065185546875
4.423065185546875
4.463608741760254
4.463608741760254
4.446464538574219
4.446464538574219
4.386570930480957
4.386570930480957
4.3549346923828125
4.3549346923828125
4.407398223876953
4.407398223876953
4.468652248382568
4.468652248382568
4.4076995849609375
4.407700061798096
4.401830673217773
4.401830673217773
4.428616523742676
4.428616523742676
4.416767120361328
4.416767120361328
4.41228723526001
4.41228723526001
4.346686363220215
4.346686363220215
4.376863479614258
4.376863479614258
4.37186336517334
4.37186336517334
4.368781089782715
4.362819671630859
4.362820148468018
4.362820148468018
4.38059139251709
4.380591869354248
4.372503280639648
4.372503280639648
4.382725238800049
4.382725238800049
4.346829891204834
4.346829891204834
4.348234176635742
4.348234176635742
4.264445781707764
4.264445781707764
4.268943786621094
4.268943786621094
4.2543439865112305
4.2543439865112305
4.25508975982666
4.25508975982666
4.2324042320251465
4.2324042320251465
4.224231243133545
4.210064888000488
4.210064888000488
4.210064888000488
4.300595283508301
4.300595283508301
4.292452812194824
4.28309965133667
4.28309965133667
4.28309965133667
4.295629501342773
4.295629501342773
4.249350547790527
4.249350547790527
4.210513591766357
4.210513591766357
4.212093353271484
4.212093353271484
4.2168049812316895
4.2168049812316895
4.16611385345459
4.16611385345459
4.119765758514404
4.119765758514404
4.172274589538574
4.172274589538574
4.061674118041992
4.061674118041992
4.0806965827941895
4.0806965827941895
4.106800079345703
4.106800079345703
4.123729705810547
4.123729705810547
4.049304962158203
4.049304962158203
4.138765811920166
4.138765811920166
4.115670680999756
4.115670680999756
4.114066123962402
4.114066123962402
4.091983795166016
4.091983795166016
4.135598182678223
4.135598182678223
4.15233039855957
4.15233039855957
4.164477348327637
4.164477825164795
4.177712440490723
4.177712440490723
4.144043922424316
4.144043922424316
4.106180191040039
4.106180191040039
4.082058906555176
4.098843574523926
4.098843574523926
4.07285737991333
4.067508697509766
4.075240135192871
4.067205905914307
4.066422462463379
3.992525577545166
3.9863572120666504
4.06717586517334
4.058273792266846
4.045360565185547
4.034602165222168
4.034280776977539
4.041606903076172
4.014102458953857
4.017664432525635
4.041135311126709
4.039126396179199
3.994741678237915
4.029715538024902
3.9370546340942383
3.926076889038086
3.871027946472168
3.873673915863037
3.938422679901123
3.936472177505493
3.9972774982452393
3.986577033996582
4.020275115966797
3.9983105659484863
3.9305455684661865
3.9552910327911377
3.954765796661377
3.956681251525879
3.944793224334717
3.9410197734832764
3.9369494915008545
3.89371919631958
3.9101879596710205
3.9020485877990723
3.962040901184082
3.967319965362549
3.949530601501465
3.978269577026367
3.9299769401550293
3.9266035556793213
3.9329957962036133
3.9460558891296387
4.018222332000732
4.024849891662598
4.048397541046143
4.045241832733154
4.037422180175781
4.030440330505371
4.0189056396484375
4.050106048583984
4.06096076965332
4.0242791175842285
4.036391258239746
4.043051242828369
4.059994697570801
4.066273212432861
4.014053821563721
4.033405303955078
4.0622406005859375
4.066299915313721
4.071371078491211
4.066001892089844
4.058778762817383
4.053735256195068
4.05860710144043
4.0742387771606445
4.081844806671143
4.06710147857666
4.080432415008545
4.0719499588012695
4.054709434509277
4.060858726501465
4.035748481750488
4.069165229797363
4.065912246704102
4.0628743171691895
4.098425388336182
4.101840019226074
4.106551170349121
4.11099100112915
4.111088752746582
4.155101776123047
4.149893760681152
4.111519813537598
