0.8850876092910767
0.8703721761703491
0.8703721761703491
0.8621006011962891
0.8621006011962891
0.8537098169326782
0.8537098169326782
0.8249775767326355
0.8249775767326355
0.8172377347946167
0.8172377347946167
0.853384256362915
0.841965913772583
0.841965913772583
0.841965913772583
0.8251043558120728
0.8251043558120728
0.8013390302658081
0.8013390302658081
0.8029406070709229
0.8029406070709229
0.7821663618087769
0.7821663618087769
0.7509909868240356
0.7509909868240356
0.7289197444915771
0.7289197444915771
0.8434317708015442
0.8434317708015442
0.7494293451309204
0.7494293451309204
0.7615578174591064
0.7615578174591064
0.767828106880188
0.767828106880188
0.8006064891815186
0.8006064891815186
0.7808499336242676
0.7808499336242676
0.7617167830467224
0.7617166638374329
0.7646660804748535
0.7646660804748535
0.7970856428146362
0.7970856428146362
0.7719992399215698
0.7758009433746338
0.7758009433746338
0.7758008241653442
0.7758011817932129
0.7758011817932129
0.7741992473602295
0.7741992473602295
0.7696150541305542
0.7696150541305542
0.7727656364440918
0.7784768342971802
0.7784768342971802
0.7784768342971802
0.7375890016555786
0.7375890016555786
0.7538853883743286
0.7538853883743286
0.7493959665298462
0.7493959665298462
0.7252938747406006
0.7252938747406006
0.7192479372024536
0.7192479372024536
0.7309537529945374
0.7309537529945374
0.7741270065307617
0.7741270065307617
0.7643859386444092
0.7643859386444092
0.7538374066352844
0.7538374066352844
0.7599925398826599
0.7599925398826599
0.7801297903060913
0.7793261408805847
0.7793261408805847
0.7793261408805847
0.7761219143867493
0.7761219143867493
0.7750895023345947
0.7750895023345947
0.7694553136825562
0.7694553136825562
0.7766495943069458
0.7766495943069458
0.7481127381324768
0.7481127381324768
0.7750622034072876
0.7750622034072876
0.7360988259315491
0.7360988259315491
0.7457883358001709
0.7460445165634155
0.7460445165634155
0.7460445165634155
0.73728346824646
0.73728346824646
0.7384045720100403
0.7384045720100403
0.7177890539169312
0.7177890539169312
0.732691764831543
0.732691764831543
0.7331723570823669
0.7331723570823669
0.717522382736206
0.717522144317627
0.7477835416793823
0.7477835416793823
0.7476036548614502
0.7476036548614502
0.7437710762023926
0.7437710762023926
0.7310003042221069
0.7310003042221069
0.7314898371696472
0.7314898371696472
0.7404871582984924
0.7404871582984924
0.7189429998397827
0.7189429998397827
0.7401180267333984
0.7438353300094604
0.7438353300094604
0.7438353300094604
0.7439218759536743
0.7439218759536743
0.7214047312736511
0.7214047312736511
0.7374593019485474
0.7374593019485474
0.7359018325805664
0.7359018325805664
0.7381341457366943
0.7381341457366943
0.7359433174133301
0.7359433174133301
0.7426886558532715
0.7426886558532715
0.7350441217422485
0.7350441217422485
0.7173293828964233
0.7173293828964233
0.7113733887672424
0.7113733887672424
0.7213672399520874
0.7213672399520874
0.7496631741523743
0.7496631741523743
0.7414898872375488
0.7414898872375488
0.7328734397888184
0.7328734397888184
0.7628682851791382
0.7581089735031128
0.7581089735031128
0.7581089735031128
0.7613894939422607
0.7613894939422607
0.7584394216537476
0.7584394216537476
0.7500931024551392
0.7500931024551392
0.7571204900741577
0.7571204900741577
0.7648481130599976
0.7648481130599976
0.7693629264831543
0.7693629264831543
0.758041501045227
0.758041501045227
0.7518713474273682
0.7518713474273682
0.7608387470245361
0.7608387470245361
0.7858198881149292
0.7858198881149292
0.7886407375335693
0.7982205152511597
0.7982205152511597
0.7982205152511597
0.7955191135406494
0.7955191135406494
0.8001623153686523
0.7998752593994141
0.7998752593994141
0.7998752593994141
0.7995628714561462
0.7995628714561462
0.7890112400054932
0.7890112400054932
0.7910797595977783
0.7910797595977783
0.7961273193359375
0.7961273193359375
0.780881941318512
0.780881941318512
0.7755345106124878
0.7755345106124878
0.7779963612556458
0.7779963612556458
0.7917107343673706
0.7917107343673706
0.793316125869751
0.793316125869751
0.7867226600646973
0.7867226600646973
0.7997058629989624
0.7997058629989624
0.7731150388717651
0.7731150388717651
0.8042789101600647
0.8042789101600647
0.805340051651001
0.805340051651001
0.8076409101486206
0.8076409101486206
0.815176248550415
0.815176248550415
0.8111958503723145
0.8111958503723145
0.814483106136322
0.814483106136322
0.8019577264785767
0.8019577264785767
0.800758421421051
0.800758421421051
0.8037941455841064
0.8037941455841064
0.8019593954086304
0.8019593954086304
0.7954196929931641
0.7954196929931641
0.8142006397247314
0.8096733093261719
0.8096733093261719
0.8067960739135742
0.7943969964981079
0.7943276166915894
0.74945068359375
0.7510521411895752
0.7853831052780151
0.7942619919776917
0.7753570675849915
0.7760843634605408
0.7707394361495972
0.7766985893249512
0.7896996736526489
0.7851449847221375
0.7623147964477539
0.7587947249412537
0.7920548915863037
0.7995527982711792
0.7912282347679138
0.7926012277603149
0.7944146394729614
0.7804433107376099
0.7792435884475708
0.7820067405700684
0.7900830507278442
0.7894418835639954
0.7683957815170288
0.7778146266937256
0.7913687229156494
0.7928551435470581
0.7967752814292908
0.7988445162773132
0.8013842105865479
0.7987779974937439
0.7889776229858398
0.7957140207290649
0.7884042263031006
0.7799802422523499
0.7923446893692017
0.7762333154678345
0.7862476110458374
0.7850600481033325
0.7808482050895691
0.7936199307441711
0.7848556041717529
0.7965927720069885
0.7933801412582397
0.7922573089599609
0.7700276374816895
0.7683236598968506
0.7829521298408508
0.784695029258728
0.7883291244506836
0.7808228731155396
0.7827131748199463
0.7881475687026978
0.7897776961326599
0.7864915132522583
0.7866134643554688
0.7853083610534668
0.7568060159683228
0.7606507539749146
0.7692827582359314
0.7594259977340698
0.7568268179893494
0.7688076496124268
0.7652766704559326
0.775068998336792
0.7640787363052368
0.7466564178466797
0.7650523781776428
0.7757843732833862
0.767382025718689
0.7676312923431396
0.7673450708389282
0.7575463056564331
0.7566659450531006
0.755195140838623
0.7529157400131226
0.7467336058616638
0.7687277793884277
0.7724761962890625
0.7611286044120789
0.774642825126648
0.75975501537323
0.7625490427017212
0.7461962699890137
0.7284307479858398
0.7553468346595764
0.7754620313644409
